#timestep	summed_sq_end_to_end_distance	summed_sq_distance_of_cm	summed_auto_corr_ee_vector
0	2401	4.437342592e-31	2401
100	2385.537372	0.2316276564	2392.478123
200	2184.636191	0.3108698408	2289.428661
300	1900.370927	0.502371517	2135.035034
400	1760.60694	0.4918569404	2049.795513
500	1843.523571	0.7234315726	2102.80439
600	1869.137674	0.9218208146	2115.435146
700	1961.145548	0.654699481	2167.724007
800	1899.63176	0.66971813	2133.50528
900	1992.979862	1.230329536	2178.9123
1000	2057.250637	1.464585997	2220.706528
1100	2113.978603	1.91758457	2252.186314
1200	2090.564677	1.490093702	2235.582195
1300	1968.935412	2.416979866	2168.471313
1400	2252.351052	1.544362805	2316.591713
1500	2139.594255	1.833012792	2261.280167
1600	2324.861231	1.556409557	2359.703728
1700	2309.358185	1.530445776	2346.268654
1800	2051.502266	1.706094682	2212.148201
1900	2136.641834	1.458588258	2260.490055
2000	2091.377189	2.126305821	2236.762035
2100	2025.59226	1.777317454	2198.681351
2200	2062.824585	2.442061647	2220.241096
2300	2087.696299	3.811192563	2234.522919
2400	2059.51423	3.336925315	2212.201286
2500	2081.60735	3.575970617	2227.692669
2600	2077.514904	4.409709173	2230.643951
2700	1810.362612	3.970472909	2080.334717
2800	1687.388828	4.610314683	1999.677917
2900	1465.041453	4.922655059	1868.03154
3000	1404.118219	6.853149053	1828.824474
3100	1534.291834	6.527295048	1916.448536
3200	1743.045885	6.823342528	2043.131248
3300	1969.266016	7.380061882	2174.44416
3400	1958.250445	9.945713508	2167.381008
3500	1953.184287	9.926793344	2162.707817
3600	1948.111441	10.14497829	2161.352646
3700	2101.309372	9.92287081	2245.714577
3800	2074.750614	10.79480915	2229.554955
3900	2117.966703	9.888642469	2251.04554
4000	2037.537632	10.43526363	2209.671135
4100	2026.087603	9.22822665	2199.378937
4200	1981.576096	8.364106879	2172.795525
4300	2037.03723	7.572828705	2205.869926
4400	1968.830128	8.318459767	2170.60183
4500	1634.472731	8.502770139	1973.731529
4600	1635.734884	8.084565364	1964.254677
4700	1560.229763	8.029683973	1930.363808
4800	1490.580816	8.360992089	1873.252968
4900	1459.252653	8.425188856	1855.705837
5000	1446.144358	7.643842212	1858.147762
5100	1577.550395	4.903578067	1940.157677
5200	1793.033824	5.919356196	2068.939316
5300	1386.258043	6.92961877	1808.069046
5400	1498.860857	7.116749189	1859.562748
5500	1420.421167	7.255542576	1823.356125
5600	1302.728458	5.683111827	1748.568993
5700	1330.695222	6.046218149	1778.164436
5800	1406.667044	5.989119303	1832.623253
5900	1407.645642	4.560496785	1835.802578
6000	1577.683848	5.80760083	1943.092697
6100	1609.515299	4.88396848	1957.826118
6200	1566.219705	4.442040267	1935.991974
6300	1715.623969	5.890654006	2010.913689
6400	1800.930177	6.357005424	2059.380219
6500	1781.516315	6.674966298	2034.723953
6600	1785.036353	7.37942316	2044.335388
6700	1960.474563	7.678865226	2146.33062
6800	1866.755275	9.208412235	2105.903152
6900	1745.732767	8.679076634	2011.627163
7000	1778.154019	7.647647143	2041.377377
7100	1627.439539	8.542502155	1970.927914
7200	1459.508889	8.67460044	1869.440918
7300	1231.874371	7.272871231	1717.190331
7400	1122.040015	7.356831263	1638.921997
7500	1141.435462	7.10176796	1649.446724
7600	1122.95354	6.277686898	1636.681198
7700	1119.107061	7.089100834	1635.949219
7800	1242.439112	7.122162513	1725.874268
7900	1241.765015	6.745723625	1722.251194
8000	1307.297815	7.027558191	1767.552231
8100	1197.899668	7.225268191	1695.389645
8200	1154.855584	6.001879802	1660.587727
8300	1092.294663	7.797353698	1617.994976
8400	1223.122731	8.574677798	1713.081078
8500	1415.664516	8.753769527	1843.060314
8600	1480.647488	7.402354228	1880.14677
8700	1435.917087	7.430274717	1841.399529
8800	1415.62639	8.538565113	1825.011116
8900	1259.220926	9.162767142	1719.874504
9000	1278.813956	8.901925544	1743.820847
9100	1280.060791	7.790545608	1749.742851
9200	1231.15919	7.166509345	1715.039627
9300	1179.35729	6.959323718	1667.157597
9400	1283.194752	5.549306157	1754.063324
9500	1072.821013	4.47050315	1593.21553
9600	1142.331653	5.167655354	1647.9594
9700	1106.529517	4.006932197	1620.751114
9800	1240.915151	4.752489756	1715.42543
9900	1408.34814	5.380220575	1817.844971
10000	1458.842197	4.004560133	1845.485977
10100	1205.768384	4.355482884	1677.984386
10200	1202.959106	4.648308296	1673.345776
10300	1195.395947	4.379339708	1667.130306
10400	1196.17392	4.760717102	1674.930485
10500	1221.787042	4.361786273	1699.880028
10600	1309.17306	3.540768616	1768.080467
10700	1230.071556	2.944532467	1713.541649
10800	1136.966638	2.825157598	1644.409039
10900	1161.764281	2.218431571	1657.21307
11000	1013.619162	2.337554843	1544.174408
11100	962.5812057	1.431738245	1516.180683
11200	1067.735864	1.308742022	1583.246891
11300	976.8064353	1.597181017	1525.256218
11400	980.3245399	1.326894404	1529.275936
11500	904.9316881	1.310828017	1469.999907
11600	944.1154781	1.131872158	1502.339619
11700	1033.063026	1.488159788	1571.447369
11800	982.878863	2.081362104	1529.160606
11900	980.7154677	1.461573418	1531.482155
12000	1019.111256	2.406929052	1560.114212
12100	1269.635135	2.464622668	1744.739746
12200	1258.143729	2.665792676	1737.38855
12300	1302.355707	3.26912954	1759.235779
12400	1455.067226	2.774645959	1847.943604
12500	1395.052929	2.087101938	1819.752678
12600	1455.685399	1.252816648	1856.666607
12700	1268.539565	1.047123694	1723.978149
12800	1105.818689	1.242947032	1619.503983
12900	1054.232992	1.714039412	1572.759174
13000	1193.634463	2.018539278	1680.403694
13100	1061.166551	2.241841614	1565.430408
13200	1023.191253	1.744998987	1540.063099
13300	1037.624913	2.033626637	1551.672523
13400	945.5988726	1.805181685	1468.313046
13500	1044.616041	2.090366811	1544.629465
13600	840.4173625	2.056184362	1378.832306
13700	816.5372298	1.262762228	1351.339994
13800	891.9225944	1.197442916	1447.048634
13900	770.7559439	1.380510661	1340.014221
14000	890.9000279	1.242205699	1434.887047
14100	933.4135177	1.670253322	1473.319983
14200	970.6017132	1.438028396	1511.371975
14300	905.9145688	1.033226797	1441.636547
14400	815.4060826	1.369254657	1364.858154
14500	796.9745065	2.749515948	1345.959217
14600	860.2943835	5.328027617	1379.433348
14700	1030.894797	6.149127644	1498.126625
14800	933.237501	5.739296248	1425.027195
14900	909.5807701	5.43890992	1431.955858
15000	1017.430469	7.930663178	1548.619743
15100	967.2868892	8.893855667	1507.616749
15200	834.3042609	10.47482378	1393.793396
15300	807.4000913	8.053839603	1380.39608
15400	791.2929981	9.858779568	1357.196016
15500	605.6449344	8.623819366	1199.215672
15600	566.5141955	7.099504858	1158.463337
15700	589.7749714	7.215337135	1187.601013
15800	704.1224281	7.90335495	1277.883266
15900	696.6679849	8.673663549	1287.86499
16000	649.2534977	9.33833103	1243.717625
16100	710.981649	8.136722509	1289.648396
16200	627.4994673	8.535032999	1191.822044
16300	610.096121	8.710871557	1182.788006
16400	696.5345452	7.522603209	1277.791862
16500	711.7366673	6.356278651	1292.779402
16600	641.9851717	7.515928338	1236.669426
16700	553.081062	6.989748269	1144.007866
16800	702.8272825	7.241885013	1296.567245
16900	575.4768291	6.735681309	1172.561323
17000	703.6929127	7.3376591	1294.672249
17100	703.577436	8.492644437	1271.20031
17200	776.1615245	6.017110778	1347.699257
17300	740.6791311	5.415466038	1321.248184
17400	673.2344326	5.163207197	1259.682663
17500	658.7175599	4.99282945	1250.332636
17600	716.8433059	5.495627738	1288.130604
17700	669.0739995	7.646885117	1229.352623
17800	766.3141618	6.725905199	1315.670673
17900	679.945721	8.355904462	1234.908171
18000	746.4017646	8.410409712	1318.198582
18100	725.3131815	8.483729475	1299.441143
18200	730.7351911	8.072556101	1304.623598
18300	577.2774586	8.790072888	1173.724995
18400	587.4465534	7.851177021	1174.429403
18500	477.9828995	9.447802265	1057.990664
18600	493.8455254	9.0466839	1078.237762
18700	592.5316798	7.515513447	1172.371132
18800	588.1850758	6.640847134	1180.515057
18900	512.0306814	7.245542653	1102.448503
19000	426.326702	9.261891224	1006.363781
19100	342.2503301	7.906027601	904.0553646
19200	407.5405985	8.88137084	976.8834801
19300	393.7469674	7.560372228	954.1648293
19400	390.2775481	8.02532965	965.4187317
19500	435.1087848	7.428253736	1008.957485
19600	436.9256305	7.949169707	982.6024895
19700	399.6963068	8.287372396	970.5551109
19800	399.874019	9.081107669	944.8530273
19900	410.7968	11.78351136	967.2983074
20000	380.3956792	12.35809678	922.929348
20100	443.9216396	13.92188849	1030.133204
20200	398.0486835	14.27929536	961.5154648
20300	452.5360506	13.95592602	1037.868895
20400	361.2345856	15.9844448	924.8285503
20500	340.5832897	14.10662808	903.6162891
20600	349.8597412	15.47452272	867.4351807
20700	360.4251818	14.21119222	892.4362202
20800	422.7833079	15.27167401	926.5646648
20900	491.6457282	18.43966394	1035.08285
21000	529.7073853	17.6266805	1035.359211
21100	547.4000386	15.80798042	999.7782097
21200	539.8793565	17.04337552	960.8590946
21300	530.1476349	18.16802934	1019.492493
21400	564.3959428	18.68924529	1048.157728
21500	508.4232046	17.47105175	1026.234423
21600	517.4889218	21.81539728	1011.303614
21700	549.7820141	23.66376326	1053.615704
21800	494.7856212	23.8057264	1004.43084
21900	416.0417642	23.08259887	953.6288357
22000	307.9781512	22.77854499	787.7410202
22100	235.0497898	22.92902723	699.8741961
22200	374.4088357	23.76253983	864.7360535
22300	301.7966985	23.7978469	810.3321915
22400	237.0036454	21.93299363	702.404067
22500	307.7158659	23.14893941	808.3336411
22600	370.2216662	23.81279776	892.5253811
22700	438.0657907	23.55432126	957.501915
22800	325.001395	22.53528465	845.4491634
22900	431.5321242	25.09855372	974.8848362
23000	381.6442939	26.83571087	938.871769
23100	354.306112	22.99927187	892.3636017
23200	341.0642531	17.9100213	884.7505302
23300	342.5770488	17.3904071	876.8024979
23400	427.0469865	17.93595237	957.6110764
23500	488.0039899	18.96831061	1034.024227
23600	469.4630982	21.15933839	1023.303141
23700	459.631137	22.60290824	977.0197449
23800	317.306786	23.81816605	804.9004784
23900	427.6486138	24.87785147	921.6284771
24000	443.4779205	25.06441058	930.7233582
24100	444.0110347	26.23051119	916.5871468
24200	386.7186467	27.00208124	872.1781864
24300	438.012126	31.32862962	938.8958817
24400	365.5992676	29.42436738	845.0146675
24500	312.3919876	30.22139394	776.879837
24600	361.6646586	26.37115764	839.0921021
24700	260.563669	24.94344017	744.3928785
24800	262.7634075	25.49984878	751.6075764
24900	177.8215941	28.95572919	637.8822632
25000	214.2784262	30.70306049	692.4355211
25100	220.5973413	28.18471179	658.9998493
25200	258.8965391	26.74452156	734.5365314
25300	240.9919792	31.16846597	680.4986591
25400	231.1196382	28.9248629	720.9572954
25500	324.1270274	31.21575733	849.2932701
25600	304.1802905	30.28521382	795.9764423
25700	352.5822748	31.58104925	879.2059174
25800	379.108985	30.98329691	890.7060871
25900	329.1265356	31.37823925	793.9382648
26000	342.892876	33.5443719	788.8088017
26100	465.95361	36.61666338	1009.127396
26200	448.0446347	34.56042433	966.7144623
26300	426.4028157	36.96559703	973.6805096
26400	473.8014411	36.82384157	942.2606316
26500	480.4048596	42.00767221	1040.461197
26600	490.157172	46.28946736	1063.859116
26700	478.463439	44.17491361	1047.060881
26800	541.9113822	46.07454526	1103.419834
26900	492.3019423	47.09378196	1073.088392
27000	503.5336034	44.00396183	1065.77
27100	537.6290654	44.52621484	1112.838087
27200	487.2360973	46.81149444	1067.779953
27300	436.8044663	50.03398157	1020.297838
27400	303.920841	49.75155601	847.4011707
27500	303.3889275	47.96202619	848.050251
27600	308.1660196	44.15516321	844.5551243
27700	402.3867981	43.98679941	950.002491
27800	521.1649081	48.20837537	1086.604309
27900	487.3173438	49.86032484	1074.190567
28000	530.1617834	48.17133727	1124.708733
28100	385.1034604	48.21433631	957.0867653
28200	337.2923619	46.41261488	899.0739422
28300	336.442611	47.58052281	897.281004
28400	459.7749556	45.44496133	1046.196188
28500	344.592575	49.51660684	906.0040073
28600	385.2584184	45.64872512	935.1200008
28700	482.873666	44.64530418	1075.544617
28800	515.798964	41.53005288	1110.686169
28900	457.0443717	46.61882776	1026.750603
29000	409.5297534	41.62809886	978.9876404
29100	420.631158	42.89283242	990.4112663
29200	359.3641641	47.33524465	923.7820778
29300	398.9665197	43.47829138	966.8755875
29400	348.7656896	46.04973436	883.0661926
29500	356.9152066	47.42251027	906.9532814
29600	340.8234277	43.91334196	881.0197906
29700	316.8744529	40.23857079	871.6806049
29800	340.26014	44.05997711	899.6332073
29900	346.2224458	43.6927625	911.6858196
30000	364.3516372	47.24309938	935.1017761
30100	393.9101312	45.25734592	965.0019932
30200	492.7456002	45.64060288	1066.424034
30300	356.5197776	48.49148227	913.8746548
30400	357.3822714	46.0673799	916.261158
30500	317.7437721	43.2952565	844.2299767
30600	335.6519442	43.20851719	841.10355
30700	375.1280824	43.72168042	905.100996
30800	341.5324142	41.93177335	860.5987625
30900	287.3246363	40.06556136	795.2912865
31000	296.9300045	39.94976706	752.3755379
31100	337.7506739	41.01916585	826.1328335
31200	229.0864751	42.76173338	708.3905592
31300	286.4867701	40.36998163	789.2254467
31400	273.981614	38.85643325	741.3874826
31500	281.2436907	36.06463303	792.5768318
31600	339.2216138	37.45672283	882.9854431
31700	302.4084964	35.45398014	793.7534943
31800	206.0697179	36.87142334	687.8305092
31900	309.4830961	36.59164885	814.5844383
32000	366.3616773	36.17034786	865.08494
32100	401.5240907	37.27804366	920.937994
32200	320.558105	38.15480723	730.8174276
32300	316.4287886	36.09889108	683.2860126
32400	356.4384207	35.19866683	714.9742146
32500	246.6374548	32.86727896	650.4921312
32600	281.2403282	33.2547462	747.8419294
32700	343.3380283	33.06122444	770.2795925
32800	228.212973	31.32119416	633.6164646
32900	211.7898844	27.15478658	599.468627
33000	189.6245047	27.97409571	583.5366735
33100	184.7711824	26.90392657	623.749136
33200	179.632931	26.90606118	589.6899452
33300	185.8827708	29.56533924	650.8763456
33400	187.0677856	25.55558623	663.932766
33500	143.6000563	28.33213779	557.603323
33600	161.0842703	35.15985179	590.8066063
33700	181.0054721	34.85108419	580.2919264
33800	195.992172	37.76280801	636.2753572
33900	186.2192629	38.92237778	623.6719847
34000	224.4120584	36.51691504	705.5305872
34100	180.9608222	34.59565824	649.1345301
34200	150.9214442	33.30999957	588.5073481
34300	165.3760656	33.59352503	607.8228836
34400	194.8056826	31.24692877	679.5944796
34500	245.5158501	28.94483136	739.9664688
34600	258.7964227	26.12901394	731.3934689
34700	242.0154095	26.43738836	727.275898
34800	307.1521583	28.13410114	810.3082657
34900	369.1591157	33.35440703	813.619276
35000	342.514529	33.10305795	840.1228733
35100	251.3858026	33.74055264	755.5235071
35200	361.1423316	41.25478941	905.0751076
35300	311.7891004	41.81587356	836.0860519
35400	388.4046494	44.21156583	943.9726334
35500	367.4415434	41.54350336	893.6053123
35600	364.8642783	39.31587557	846.5935822
35700	304.210736	41.76924944	798.72258
35800	181.0833412	42.02293113	566.6105385
35900	248.4966991	43.13881574	655.867815
36000	199.7754886	39.6959542	538.1705885
36100	269.6634062	40.15261124	636.1369896
36200	241.3825974	37.00482051	688.9190388
36300	210.5687166	37.0932883	584.7835712
36400	196.8161475	32.75424569	529.5650177
36500	260.2389567	36.60830721	680.6632891
36600	248.6571158	34.96155941	602.1659317
36700	266.6173441	31.88316966	654.1033821
36800	315.452469	30.35542878	779.5763941
36900	347.3723651	32.28463145	830.8548107
37000	341.3183902	33.52810612	803.4353981
37100	385.2378866	32.98959515	841.5121574
37200	394.7994142	28.27299921	886.8365593
37300	357.2782521	30.11543295	834.1048851
37400	350.2026328	28.2378839	869.8700027
37500	307.5270894	23.50090139	781.4583063
37600	238.2994688	21.38897084	672.4899712
37700	230.3239751	20.08811532	675.96206
37800	203.9979828	17.90180948	601.3393707
37900	146.0630999	18.47088242	532.9979467
38000	132.0243109	17.81919931	489.6012058
38100	136.6967864	19.23517229	524.6979904
38200	129.3238929	18.09639945	521.21978
38300	114.6517605	16.63260536	475.6979437
38400	114.3138598	14.27138097	473.9216413
38500	164.1146878	12.28515312	531.5236607
38600	217.3328733	11.40083411	641.6037502
38700	214.1664893	12.16830758	592.4098206
38800	187.964692	11.75520546	539.5190773
38900	165.6125693	9.61823429	533.943903
39000	110.5657929	9.109266612	450.9491997
39100	111.4166457	9.307529177	377.7819176
39200	113.010918	8.485723686	376.0058255
39300	142.5893103	9.726869825	450.3513823
39400	67.71598193	10.16367959	309.0661159
39500	132.2460256	10.23746597	427.8574562
39600	234.2281764	9.101596344	568.4772167
39700	277.7688818	11.98953104	535.0814056
39800	184.0195441	11.47414743	426.1601744
39900	173.0815521	10.0349711	355.5304503
40000	135.3793666	9.545248394	312.7149611
40100	141.3606674	10.7388514	310.2009783
40200	176.8689318	13.92245133	481.3806906
40300	158.1499696	11.43949088	489.4663429
40400	112.3526537	12.64480225	471.1743822
40500	201.8804119	10.34028423	560.3161888
40600	116.5632507	8.809467904	375.1618576
40700	125.1256522	8.038478153	463.9908066
40800	98.88695488	7.840407888	234.7216339
40900	132.4935971	7.656746835	247.9730353
41000	168.8196303	9.020504079	348.406806
41100	158.7643761	9.303351943	392.5320215
41200	138.5142621	9.091435799	384.8180599
41300	151.2828537	8.990857332	488.7485695
41400	127.4818664	7.490842469	440.7731724
41500	93.47260925	5.179860788	329.1115513
41600	99.08024038	4.271231494	382.6180096
41700	103.974384	3.869378514	300.884994
41800	73.90198416	5.269927419	177.355835
41900	52.96378911	6.99973843	215.1524477
42000	82.73853491	7.550981283	286.407186
42100	147.9826289	8.214101964	318.9355707
42200	148.8040844	9.895684138	380.955121
42300	192.6220491	10.20277428	410.8922081
42400	159.0272208	11.98183163	273.3219099
42500	219.5698434	11.20353747	291.3198452
42600	251.094511	10.69254478	314.0481691
42700	241.0577619	12.74351647	322.3776822
42800	207.4836416	8.533343378	322.7280874
42900	159.2880056	8.767052229	438.3271351
43000	202.820745	8.299266696	412.2276592
43100	118.869336	8.473813653	394.1276188
43200	102.7393999	9.352338466	376.9792824
43300	188.4055229	9.486315812	545.9224482
43400	163.8406759	9.470853979	534.1878338
43500	134.6595295	9.564162943	515.5065184
43600	134.5253644	10.78040826	489.4686794
43700	93.58752992	7.860250514	442.9980831
43800	67.47790012	7.038039166	337.3694506
43900	52.66931306	6.711443969	256.7491241
44000	83.45428696	7.615444466	319.9737954
44100	53.57917706	8.613346659	300.2751436
44200	35.81509928	9.890573374	201.7211123
44300	35.00909436	10.98366683	221.5610991
44400	57.76571221	11.43817539	339.5013685
44500	54.24854776	11.24898281	287.9024773
44600	30.73404081	10.08632194	228.4140129
44700	47.49040341	11.42987686	313.4783897
44800	28.24249465	10.74904427	201.1367297
44900	32.29687452	9.832707203	257.4860802
45000	36.27232079	10.03544424	232.3559957
45100	20.52156354	10.92949266	215.6647491
45200	40.86090275	10.70839196	294.8629169
45300	14.86973314	11.17686575	184.594774
45400	26.05074518	11.00889534	224.9836774
45500	38.86027012	11.17784664	287.4293356
45600	40.24424753	12.4213038	305.3985553
45700	76.89559701	11.43232266	418.9575329
45800	46.50752163	12.23357105	325.628551
45900	77.90133854	13.40610529	417.4559097
46000	104.7052598	16.80853501	443.1008892
46100	111.2650275	17.84338604	395.4037228
46200	136.8899012	18.1270967	487.5980759
46300	187.1455638	19.02387961	591.5794277
46400	222.4902755	21.58747515	660.6323166
46500	176.5756093	20.80134951	542.299468
46600	158.6876752	20.18782851	549.0357437
46700	120.5577855	21.89441041	432.2304535
46800	96.40944195	21.41691391	424.0195646
46900	79.99204386	19.88396483	415.968399
47000	100.5304736	18.37106153	490.5705738
47100	138.5293252	17.2709275	540.614336
47200	123.8704444	17.80163771	515.1237993
47300	187.0220895	18.79739211	641.0673828
47400	154.7447378	17.76111463	601.966815
47500	155.0015244	15.47221643	595.7424669
47600	133.0636409	16.42345959	527.1547756
47700	86.90468892	19.57240847	446.0846958
47800	59.01096064	21.86585083	365.1747131
47900	74.27053662	20.48170723	393.4534912
48000	76.57195293	16.68742684	399.3019896
48100	115.0049847	13.92325932	437.017993
48200	84.62839953	13.56964167	377.5953712
48300	79.10479551	14.90579478	385.2874398
48400	95.98302461	15.8706208	430.5147133
48500	137.8530103	18.21315681	527.3684721
48600	114.3280351	19.35393717	516.5856552
48700	149.8566143	20.82155319	540.9746714
48800	150.4840999	19.32128128	490.075469
48900	162.5752736	22.62677459	535.7972164
49000	159.1192965	19.25350435	536.2888165
49100	154.9346407	22.61385645	538.0139027
49200	131.7845904	24.20472053	482.5009966
49300	169.424623	23.28725118	553.9305286
49400	143.9021786	24.70897397	529.5004368
49500	106.973836	23.22785901	443.5107584
49600	113.3374622	24.15326842	372.565887
49700	143.5905974	24.20016	441.9585266
49800	154.9834049	26.09561012	455.0844345
49900	142.8718389	28.07058055	496.3227615
50000	168.0276657	26.28302095	510.7304277
50100	223.5093055	28.3628328	598.8916979
50200	294.2843761	28.19143788	725.4349213
50300	240.1389879	30.47374357	691.1415195
50400	220.8645224	31.89887892	671.314991
50500	211.5077219	31.70447322	659.1383572
50600	170.2279604	30.28171901	591.4377422
50700	149.8403584	26.71857796	534.0344658
50800	157.2982275	28.9481214	600.4533224
50900	149.7359507	26.69359976	594.407156
51000	101.4913931	25.88669012	471.0115747
51100	87.04961398	24.16944241	431.3887053
51200	81.46318552	24.07238142	407.9254112
51300	74.81290288	22.77281504	408.8166466
51400	59.30900282	26.20175153	368.4787374
51500	134.0130173	26.52344975	463.4086437
51600	135.9575323	29.97045381	532.773736
51700	79.70943078	28.40782972	345.9119358
51800	41.65064037	29.35827412	250.8309278
51900	82.72051762	27.50517196	418.2858353
52000	154.8166191	28.86992483	594.9679165
52100	70.21202075	27.90417533	409.2917976
52200	96.68603123	30.59404968	477.4814892
52300	127.9346516	30.17236435	552.8109703
52400	147.1530351	30.57588038	572.3438005
52500	143.6532839	31.88296983	562.8757801
52600	64.89287913	29.60996918	382.2528143
52700	80.07517081	26.4662226	421.0213184
52800	58.33702163	26.21639619	360.1264668
52900	66.71408106	24.1512433	325.4051347
53000	43.74025153	24.03922689	286.2991695
53100	26.87765108	26.21604297	241.9685755
53200	38.6949999	22.92285303	263.590332
53300	30.57195731	22.23594663	257.3800964
53400	18.56516311	25.43559733	210.8133764
53500	26.79712536	27.14125579	226.7641621
53600	13.04745382	26.99570092	172.5172896
53700	40.00943032	27.83460813	133.3853076
53800	10.09304815	27.88565497	19.23583746
53900	7.810388026	29.39446118	-7.138936758
54000	10.06682433	32.26730348	-10.39607322
54100	14.53868928	34.74753834	-0.3386701345
54200	11.43823999	37.21583048	-16.79937398
54300	39.73698104	37.32589044	82.75642681
54400	16.15374358	35.66970243	138.0186262
54500	10.26215439	34.62052249	80.44265306
54600	3.689774295	35.77755453	-4.703545153
54700	11.27718999	34.89532842	-36.03079838
54800	3.176351315	36.39854438	-33.91546667
54900	13.15055966	32.91577749	-115.3596263
55000	11.83314376	36.42926944	-168.2008591
55100	23.41023879	39.79503785	-125.3396678
55200	3.841778263	36.84357043	18.88673192
55300	3.391665492	37.63927788	63.43076253
55400	8.887326581	42.33934952	18.07748151
55500	7.569386126	39.93056046	-98.63793516
55600	23.42944085	44.80698853	-187.2441688
55700	43.44214427	42.60988216	-297.1032953
55800	52.16415252	38.7210648	-329.5877304
55900	55.15322107	38.22413802	-334.7446241
56000	28.34544082	39.64095385	-226.3869572
56100	31.00368456	37.20620052	-174.6557264
56200	40.25746052	37.52600771	-220.5819411
56300	48.62409327	36.51998176	-137.4613705
56400	37.41496995	38.47750987	-248.8858132
56500	40.92433934	37.79183337	-248.5642872
56600	30.66702183	41.98353606	-131.733716
56700	55.8274066	45.54027253	-122.574441
56800	43.68685584	37.02246813	-54.0401504
56900	28.88222542	38.49946913	-140.3111787
57000	12.20558232	34.52581784	18.97090149
57100	39.36362239	36.39419653	20.42641962
57200	57.12437346	38.12950027	94.17858076
57300	42.57303528	39.74108672	135.3346045
57400	35.00090348	39.35224482	112.5963621
57500	20.86065332	38.53655452	105.5035713
57600	22.87416959	34.26816051	-36.13104308
57700	75.34381834	37.0453245	-79.57317638
57800	52.83253705	36.76439081	150.9367607
57900	59.71473277	34.67659591	61.92131209
58000	93.91334845	34.89248592	209.976161
58100	145.9309619	38.1452266	245.2389073
58200	191.4016042	35.343893	78.03879547
58300	230.8413785	33.03736808	100.9497054
58400	185.7954695	35.64068962	80.13420558
58500	190.9286285	32.66369313	113.783936
58600	211.9915553	32.23159763	128.9004035
58700	195.4258656	32.86035748	220.0295687
58800	244.2804579	31.58312929	198.9581518
58900	202.1865582	33.59066887	270.4608631
59000	230.4220009	37.47906754	222.2716293
59100	129.9373007	36.56440205	183.5960596
59200	118.1838701	35.26885327	133.2247548
59300	143.9289612	35.40975098	81.10904098
59400	95.16581735	35.02138937	-140.2940404
59500	111.0623013	34.25999148	-100.6089382
59600	103.2825986	33.01861293	-122.5248954
59700	122.693357	31.59461016	-77.8564899
59800	122.4694385	31.39236512	3.098365307
59900	191.4124774	27.52350434	-81.19418311
60000	138.4412559	28.78614396	66.5468502
60100	127.8059857	28.72085077	-27.45713252
60200	96.40170612	27.94769278	67.0555768
60300	46.41988853	27.02396458	104.6083288
60400	50.9916672	28.90064179	199.1731567
60500	41.3329277	27.65987836	112.4291854
60600	94.93595765	27.20939202	304.3444424
60700	140.1590128	26.11369861	259.1500435
60800	151.0035989	29.55524819	276.4937582
60900	116.6829259	30.8189026	329.0900087
61000	180.2834215	31.56060353	315.2117238
61100	210.1601594	27.56205485	368.2441292
61200	252.1934457	26.27313872	360.0606709
61300	247.5443201	28.72624413	386.8368912
61400	277.8706001	28.53475115	345.7285905
61500	280.6296602	29.34442255	326.1034918
61600	269.2227398	28.76658156	336.0812902
61700	235.5793499	29.37120668	277.1777458
61800	228.910438	30.24623286	326.5538058
61900	221.21769	28.27337691	301.1356773
62000	229.6825264	23.79514676	306.7694979
62100	268.7440901	26.39900637	294.1480641
62200	268.8201765	27.24125336	356.1619835
62300	330.5669633	28.17240301	414.0451307
62400	300.6100441	31.87654713	543.2386484
62500	176.2250177	26.28675689	391.9357929
62600	246.0251422	27.33188488	475.8799572
62700	286.6815574	25.31555086	542.9280338
62800	312.6513117	23.79337178	621.2012272
62900	228.971645	24.380327	545.1445332
63000	205.5277856	28.30174631	512.1886854
63100	268.0040918	27.41301389	560.9291468
63200	228.4856143	29.06451557	510.7448673
63300	184.6121432	25.70072716	473.8496304
63400	215.7082014	27.92792923	562.9957829
63500	191.6075338	25.838285	553.5805206
63600	210.7389376	21.05755995	650.9599457
63700	210.0680777	22.40804113	596.2314501
63800	236.3832729	23.3922024	616.6376648
63900	203.6663325	25.55107878	603.2819853
64000	233.6545519	31.31561525	633.0274792
64100	186.3181559	33.79930037	560.049407
64200	120.1123531	35.29939035	489.081007
64300	95.35549938	37.37928632	439.8157206
64400	163.0580019	35.96957835	588.5155725
64500	209.3605321	35.2991979	617.5515642
64600	127.5711617	38.69171551	475.4761162
64700	106.3474123	41.59741925	400.4198656
64800	125.9616944	40.43607702	392.4381409
64900	206.2313105	42.05997711	557.3110733
65000	181.63506	46.41375297	448.9187794
65100	188.2274563	45.09492129	421.6737165
65200	182.4889738	42.1760826	378.7020788
65300	161.6204261	43.26733317	288.3646841
65400	157.2331229	41.97864504	412.9782839
65500	135.9285189	38.03801434	327.1566935
65600	192.7040682	38.76767365	358.8521852
65700	179.6408154	37.13057832	258.8677006
65800	192.8955519	32.10918857	213.4773159
65900	246.3905497	35.43590082	322.2948065
66000	218.7287276	36.34971253	346.244607
66100	265.6566951	35.38525188	466.6695595
66200	160.6876317	37.75767749	385.2477427
66300	234.2502987	40.97817269	420.3951826
66400	193.44053	42.16143015	474.0770187
66500	231.6031742	43.70105456	485.4707842
66600	220.5930921	42.38671584	465.2749014
66700	228.4807445	43.30451939	394.01542
66800	179.4079766	44.28732642	364.3696947
66900	190.2391703	43.61275258	348.9866323
67000	114.1093905	46.60149187	282.6363287
67100	105.4691883	43.35061178	259.8829107
67200	173.4961759	42.3398839	411.5480175
67300	157.7029253	43.6453975	418.1563931
67400	163.5760935	45.26325632	450.8034954
67500	149.0484223	51.61977463	383.53754
67600	152.5182315	54.27639144	452.4690475
67700	120.1723456	55.78162995	306.7109451
67800	176.9609255	55.45344924	359.2255816
67900	206.0315937	52.26662625	360.9893837
68000	250.2468465	55.041496	406.3815908
68100	209.4804606	53.57688646	391.5112972
68200	216.2478458	53.54605681	451.4925299
68300	216.2060653	52.61948873	407.2757702
68400	339.1931861	51.84003337	588.9529657
68500	311.0082242	52.52305418	520.568737
68600	330.2754296	51.04832267	489.9481764
68700	300.2463291	52.41875948	383.3191938
68800	298.9071447	58.11224392	407.0317926
68900	326.3881873	58.92853494	458.07969
69000	308.1094276	58.30064479	543.3680439
69100	284.0662085	60.5961605	519.287446
69200	183.9138664	64.81664271	386.6593404
69300	202.7648564	66.51893059	420.3467703
69400	182.900028	66.24308733	346.5914373
69500	188.5228426	66.76025703	409.7021809
69600	207.9306262	68.50628863	359.6122727
69700	228.9499988	65.13236665	407.7078829
69800	214.733405	64.6432538	350.0436192
69900	289.0404176	66.96455423	495.1702118
70000	234.3619369	59.88737256	488.1980429
70100	246.9508592	63.29499444	481.1177406
70200	133.7760654	60.85406782	407.2716112
70300	111.0983	61.75679191	189.8028138
70400	131.8081469	65.69878618	281.7107468
70500	66.55659108	69.04208643	255.4604964
70600	107.8468551	71.66779347	381.7902803
70700	109.508505	65.75299797	308.2288303
70800	85.38782004	64.87298197	200.0193677
70900	86.0619197	64.08457657	147.4502439
71000	53.41956079	62.99578088	165.9889042
71100	115.900354	60.34034674	231.979702
71200	114.9610492	64.3883947	177.1288671
71300	87.1554012	63.64074915	208.8129101
71400	119.7830042	61.59452054	242.4012489
71500	116.1458395	59.8711813	286.058136
71600	104.1195271	58.3442774	202.3677626
71700	133.5252351	54.13468432	164.6359177
71800	166.8708034	49.34847298	256.7045903
71900	163.6812757	46.75098503	326.6375694
72000	133.9796133	46.16303237	219.856761
72100	129.4131059	43.53265357	320.3956509
72200	85.13829472	45.04988936	253.4807782
72300	111.5917141	47.94727295	364.7297497
72400	87.96508435	46.9387999	373.9361753
72500	94.42594317	45.42733532	232.1214108
72600	78.83731251	44.13552867	131.8618147
72700	91.809587	39.42166331	133.8766739
72800	97.20497917	39.31120682	56.48209882
72900	68.34090514	34.83066305	96.59494448
73000	104.9576199	34.61393389	220.12644
73100	69.73593266	39.90004448	148.7425866
73200	67.45961755	38.75540516	91.05411673
73300	119.281988	38.40074131	47.6300475
73400	129.552083	39.12044126	-39.71313441
73500	75.76102465	41.6623577	-84.46784449
73600	77.42768207	38.78996867	-66.58750534
73700	112.6340922	37.49264502	83.31252599
73800	94.54702819	39.0549911	153.64236
73900	50.98628478	40.78663396	-11.68689132
74000	40.73009445	36.20331319	-100.4539347
74100	39.77446452	35.98695845	56.86554801
74200	34.89801654	36.39470611	11.16325638
74300	48.38348531	32.34652893	-104.1678281
74400	43.19184388	29.97933243	35.33661485
74500	51.33012346	30.63663573	-105.5509439
74600	72.1824868	30.46407603	2.938986659
74700	32.7362764	32.1079311	-76.16134596
74800	34.75405177	29.97241231	-137.3436575
74900	41.98070124	30.09301469	14.81318659
75000	34.96609822	29.78269597	1.3077811
75100	32.45918271	31.95488896	-155.5031736
75200	26.85379549	33.40118826	-170.5836589
75300	17.66282033	36.3672444	-26.40438354
75400	10.89005946	41.83128616	-45.27583182
75500	17.21462951	40.26533742	26.90025353
75600	10.44739196	36.69379016	-16.31105089
75700	22.28310024	37.68694018	-101.782423
75800	25.86610975	37.1851704	-71.09106052
75900	54.38259317	36.67992974	-189.289309
76000	54.08918515	33.85924464	-128.812259
76100	59.07993169	35.77093241	-190.8477559
76200	46.06231759	34.15440685	-126.7600508
76300	47.8527719	33.28286672	-206.7977471
76400	46.20650866	34.63264718	-168.064127
76500	82.92215719	38.60417507	-242.3093076
76600	117.2871121	38.26345663	-302.7974443
76700	60.62695355	32.54703909	-265.3645549
76800	71.76509546	30.97642163	-299.7998991
76900	84.74980085	35.07590876	-351.4156599
77000	59.58811307	36.77172866	-280.6130815
77100	66.14054521	39.59100366	-316.9242163
77200	78.23686159	38.33748625	-310.2722416
77300	103.5645823	41.10687766	-355.7739372
77400	85.12843336	42.75023781	-356.1774979
77500	56.67158846	45.02872793	-333.9070115
77600	29.72772673	41.45279992	-235.71175
77700	29.49182855	38.76818065	-218.9743109
77800	12.15593328	36.93360201	-153.5246353
77900	4.259756545	37.56334889	-88.56734836
78000	28.76036751	37.63952093	-261.4137635
78100	29.70628262	41.35153875	-248.1270809
78200	29.95208441	43.81405337	-249.3704038
78300	46.71988201	46.42261475	-304.5512462
78400	43.72614448	46.34133854	-312.8284683
78500	69.44466241	46.58619248	-368.9418087
78600	67.44590836	44.48233309	-391.6952267
78700	42.44973777	41.56779644	-318.7494216
78800	33.34029325	43.09134071	-278.4049702
78900	72.36435199	41.87287016	-416.0076523
79000	60.18017816	42.93134484	-372.9882565
79100	47.04922301	43.90396084	-321.7460556
79200	72.57818021	42.02391598	-363.1936631
79300	68.40192184	42.7961473	-343.8209767
79400	68.66857478	45.39955057	-391.4020424
79500	64.2524723	44.55496955	-378.7153034
79600	59.29832657	42.54955843	-306.6715517
79700	75.66735995	40.25187306	-356.1752081
79800	64.59886832	40.54712936	-284.7541108
79900	56.4241229	38.41948674	-201.1156077
80000	58.16130187	41.27096077	-218.1840825
80100	54.46409282	42.62539896	-227.2248735
80200	48.08305303	38.55014633	-228.5558853
80300	84.13191857	42.43400391	-380.6529646
80400	124.5316622	43.42419465	-492.1342545
80500	130.8944751	41.71727238	-513.7446556
80600	102.9406758	36.96679716	-432.5434513
80700	112.1844084	38.70978257	-513.1544085
80800	82.03637317	42.53308369	-417.2366524
80900	74.19935421	41.20953631	-347.6449661
81000	89.79773409	44.42530176	-436.5920486
81100	81.477511	41.84453218	-404.1168661
81200	53.3343836	45.2477342	-346.2931595
81300	74.21371885	43.63333922	-394.3272963
81400	98.58305933	42.12897944	-446.7212524
81500	124.7968601	43.07561571	-529.3567886
81600	155.6572769	43.54360986	-591.4123678
81700	96.01863442	41.12818152	-414.5230389
81800	108.8172416	41.78563444	-432.0944691
81900	124.5746542	44.30121386	-480.7945557
82000	136.4354543	47.68168514	-500.6615524
82100	96.6736931	44.68033696	-362.6262903
82200	126.2758641	46.98335569	-460.5010071
82300	92.56855724	44.99432377	-442.6434488
82400	123.1753353	45.14721239	-460.4017525
82500	115.6918324	51.23954112	-431.5032406
82600	107.3421927	48.11892879	-473.0231628
82700	122.808722	49.57619969	-537.0545349
82800	120.9023835	45.46403656	-483.876215
82900	111.115632	44.07463242	-501.0440378
83000	116.9168874	45.56490299	-521.2319765
83100	119.956254	43.36697927	-532.8430367
83200	159.0434897	43.16338277	-604.8587971
83300	146.8986469	46.30814726	-560.3475914
83400	100.1043771	44.85314642	-457.3984127
83500	65.78243191	42.79799044	-393.1406803
83600	130.1506561	52.24278893	-545.6145906
83700	182.5982011	49.77384383	-641.1816845
83800	225.9633517	48.72261274	-678.9891853
83900	189.8001716	50.83263627	-601.9379826
84000	200.8836889	47.02667441	-626.2755489
84100	167.6976456	44.36052414	-565.326911
84200	203.408782	45.79476792	-525.7275467
84300	207.0183236	51.20825209	-510.9070206
84400	151.3773323	52.14907715	-463.5161228
84500	98.86422614	52.96670442	-350.708354
84600	92.23190083	54.82184095	-418.3555565
84700	99.07045869	53.13044483	-428.7241116
84800	149.663092	56.03196693	-490.5799198
84900	173.0746001	58.91810578	-459.7256155
85000	156.3544958	53.86694885	-401.1817989
85100	109.4780157	50.56636328	-361.9087038
85200	154.314403	54.35458311	-425.1506186
85300	95.794064	53.5817677	-362.0704832
85400	113.5004199	53.08505204	-393.8019571
85500	68.30961768	50.39003946	-286.1204739
85600	95.82689158	53.37108235	-385.5951338
85700	47.73825235	51.61617988	-241.3651037
85800	98.56280372	57.64858475	-300.4908028
85900	121.2253409	56.54167147	-414.4684582
86000	134.2253059	54.34343361	-469.2541046
86100	122.4622847	58.16626047	-341.0159826
86200	133.314076	61.04827799	-460.1630554
86300	93.81012449	62.41844512	-312.3527098
86400	103.950697	59.24031056	-384.1474838
86500	96.29394011	55.07591923	-412.9343576
86600	73.14892762	54.3896882	-386.4607611
86700	83.92363146	60.30237341	-406.52351
86800	140.2414166	61.02315158	-542.4041901
86900	106.9347853	61.56108064	-489.5121384
87000	121.1738237	65.35153173	-519.484273
87100	86.37632044	59.85646227	-376.551352
87200	56.36128314	58.61687911	-270.4849057
87300	75.70347751	58.79104854	-310.1319814
87400	41.20169852	64.0999094	-294.3008013
87500	52.06818243	62.72407091	-285.1410589
87600	45.02470784	61.05294586	-282.2212257
87700	30.99091699	60.57500571	-215.5858455
87800	47.81990591	61.80530727	-285.789742
87900	48.31068826	63.71984758	-255.8747349
88000	74.81375397	64.42731638	-362.0209494
88100	58.7102431	59.8027589	-297.6404104
88200	79.95888484	56.84252348	-313.7582326
88300	46.91689971	59.77052325	-200.5387955
88400	35.18125739	61.78261412	-150.9491792
88500	74.54438277	64.64531174	-116.4283657
88600	94.4168811	64.86041025	-133.609086
88700	80.01804133	58.86237439	-134.1402431
88800	54.91581322	55.78466685	-166.0212064
88900	76.62268959	63.67115324	-163.2364931
89000	65.19057141	64.33772294	-215.5315685
89100	69.10354317	62.16640793	-120.2338734
89200	54.60535467	61.41852273	-149.5668578
89300	62.52788718	59.85845655	-102.6091943
89400	44.7541703	60.55888481	-91.02458334
89500	51.05237581	58.6884612	-55.11970198
89600	58.2188455	61.10304468	-144.8464227
89700	48.44868787	57.11120019	-230.8843966
89800	71.02447408	53.72228433	-221.8869009
89900	130.9319166	59.21005077	-285.4209719
90000	166.1534836	60.44446173	-247.6771641
90100	86.97271789	56.6461846	-122.5771513
90200	138.0824064	54.75274051	-184.1672759
90300	202.9676681	52.04591177	-324.0011773
90400	110.6084718	49.84952013	-303.1809578
90500	128.4958682	49.49181575	-315.608088
90600	141.6422388	51.13950475	-275.001224
90700	138.0578753	51.11028032	-243.3780236
90800	130.7411563	49.60568302	-208.3405628
90900	103.0217321	53.73752926	-242.5202003
91000	158.068334	58.23806866	-230.7659826
91100	119.2144261	62.41212133	-166.2141781
91200	124.209447	66.29649491	-220.0179796
91300	135.9509882	61.75478257	-296.0557013
91400	168.09601	58.84004866	-376.7460995
91500	194.4364743	57.34236159	-334.4651084
91600	150.553797	57.20964322	-363.6304255
91700	103.7548595	49.97650887	-317.7041874
91800	76.80620955	48.43911932	-225.8287668
91900	115.5229058	54.14132306	-346.9216785
92000	103.5349534	55.01985246	-360.0173755
92100	96.10345813	53.69393973	-342.7813501
92200	127.8596598	51.86486476	-489.0292768
92300	130.3298588	52.1855815	-478.9864769
92400	110.3966226	50.16052904	-418.6212635
92500	115.219942	52.55248172	-433.2573462
92600	115.4886408	50.46864193	-424.3912554
92700	123.9171657	53.65794602	-442.9720545
92800	62.07060804	53.92575227	-329.2882142
92900	78.32162665	56.18260949	-359.8579326
93000	114.0889758	60.33620571	-423.1744986
93100	169.5164478	62.60659323	-473.646121
93200	186.1599508	65.28027036	-509.906764
93300	174.1440023	66.653569	-553.8901539
93400	255.3039176	67.78911675	-613.9200325
93500	190.8744075	69.51477799	-608.4221497
93600	196.7895651	69.51543272	-607.169364
93700	140.457373	68.98947301	-516.1784496
93800	126.4843023	66.65687395	-488.4486561
93900	149.3755402	64.7268197	-542.3745632
94000	139.0693343	64.77341948	-515.7482529
94100	154.9694001	65.27133827	-524.6007919
94200	154.667174	63.27901266	-532.2818089
94300	95.06603429	64.26059756	-458.4994659
94400	94.06353508	68.38189016	-283.7720556
94500	68.49008519	66.84592494	-306.5769701
94600	126.86038	59.94381158	-452.7098475
94700	141.0808978	56.85354864	-499.0449266
94800	218.859953	54.26491404	-591.9646702
94900	177.3343079	49.6043101	-522.9036503
95000	121.4952524	50.27071669	-501.4375982
95100	140.4324303	55.18196204	-493.4681635
95200	170.0123936	65.94666599	-573.7461224
95300	206.0573312	68.42584805	-614.7663603
95400	132.786278	67.64596598	-462.5008192
95500	81.79215496	71.96335096	-309.9733329
95600	120.9870181	74.48094716	-436.0432043
95700	124.5719596	72.86127655	-383.489665
95800	41.39578255	75.76815171	-255.7738914
95900	34.90311002	64.19491472	-268.3991103
96000	32.22872128	62.11359488	-157.1239467
96100	58.57568664	66.5307434	-208.6112232
96200	32.46093142	69.76355957	-63.91163802
96300	54.91478896	69.29712588	-91.91366911
96400	49.77567757	72.79684237	-21.51862335
96500	74.60112102	76.8679415	-169.1139524
96600	107.8436373	75.57092301	-143.2309651
96700	77.129723	78.19784302	-219.200017
96800	89.81129727	77.83624397	-151.3596325
96900	141.7341132	73.72291394	-200.9996705
97000	134.5000849	73.12470822	-44.05177927
97100	85.97884898	74.16270474	-26.66264296
97200	69.82801928	76.80688714	58.12894726
97300	40.13782803	75.56134222	4.387530327
97400	97.12207208	76.74152647	49.38991547
97500	100.8912208	72.75679676	27.21774912
97600	84.42217848	70.76858718	91.63504124
97700	93.7736292	64.33341023	84.47120905
97800	51.30134679	65.58055342	122.5821981
97900	61.72042472	58.76767127	158.5159178
98000	53.73183281	55.30558399	-43.23433065
98100	60.12559311	55.20332502	74.55377412
98200	35.13355581	57.97743475	99.19131231
98300	46.0364345	55.04213881	87.39724565
98400	57.96763464	50.48880594	267.7867832
98500	85.63342223	48.33702292	272.8768063
98600	70.90750696	46.28695759	121.5520577
98700	43.42455043	43.36917172	204.3765936
98800	35.87207779	42.55598458	178.6611218
98900	57.54024018	38.64988731	288.3137484
99000	73.89671336	41.81533933	269.2601814
99100	58.59209075	43.44134585	186.3269398
99200	134.7146448	41.58836749	270.1572113
99300	203.7819092	38.84461637	199.2738132
99400	134.6993782	39.40765863	85.49332356
99500	96.574924	42.70671361	95.66287875
99600	111.83626	40.06799223	22.68093967
99700	79.55667359	39.67646784	10.07831478
99800	89.03531409	42.27008593	3.191907167
99900	109.7159125	41.85203228	3.598797321
